0 0 10 0 10 1 1 1 1 1471 942 
0 0 9 0 9 1 1 1 1 1391 963 
0 0 9 0 9 1 1 1 1 1362 889 
0 0 8 0 8 1 1 1 1 1355 853 
0 0 8 0 8 1 1 1 1 1364 832 
0 0 7 0 7 0 1 0 1 1396 941 
0 0 6 0 6 0 1 0 1 1343 831 
0 0 6 0 6 0 1 0 1 1268 757 
0 0 5 0 5 0 1 0 1 1176 729 
0 -1 3 0 5 0 1 0 1 1349 915 
0 -1 2 0 4 0 1 0 1 1291 836 
0 -2 1 0 3 0 1 0 1 1275 866 
0 -3 0 -1 2 0 0 0 1 1270 737 
0 -5 -2 -1 0 0 0 0 1 1349 817 
0 -5 -3 -2 0 0 0 0 0 1150 765 
0 -6 -5 -3 -1 0 0 0 0 1322 777 
0 -7 -6 -3 -2 0 0 0 0 1315 844 
0 -7 -7 -4 -4 0 0 0 0 1306 864 
0 -6 -7 -4 -5 0 0 0 0 1252 772 
1 -6 -8 -4 -6 0 0 0 0 1203 770 
0 -6 -8 -4 -7 0 0 0 0 1146 663 
0 -5 -8 -5 -7 0 0 0 0 1288 841 
0 -6 -9 -5 -8 0 0 0 0 1139 770 
0 -6 -10 -4 -8 0 0 0 0 1128 714 
1 -6 -11 -4 -9 0 0 0 0 1145 744 
1 -6 -12 -4 -10 0 0 0 0 1142 809 
1 -8 -14 -4 -11 0 0 0 0 1120 715 
1 -8 -16 -4 -12 0 0 0 0 1143 723 
1 -9 -17 -4 -13 0 0 0 0 1156 706 
1 -9 -18 -5 -13 0 0 0 0 1104 733 
1 -9 -18 -5 -14 0 0 0 0 1091 674 
0 -6 -15 -4 -14 0 0 0 0 1110 675 
0 -1 -11 -4 -13 0 0 0 0 2136 1279 
0 1 -7 -3 -12 1 0 0 0 2416 1472 
0 4 -5 -2 -11 1 0 0 0 2372 1433 
0 3 -5 -1 -10 1 0 0 0 2211 1433 
0 3 -6 0 -9 1 0 0 0 2290 1293 
0 1 -7 0 -8 1 0 1 0 2373 1355 
0 0 -9 1 -7 0 0 1 0 2176 1389 
0 -2 -12 1 -7 0 0 1 0 2538 1382 
0 -3 -13 1 -8 0 0 1 0 2371 1429 
0 -3 -13 1 -8 0 0 1 0 2307 1386 
1 -4 -13 0 -9 0 0 1 0 2284 1386 
1 -5 -14 -1 -10 0 0 0 0 2294 1366 
1 -5 -14 -2 -12 0 0 0 0 2137 1318 
1 -6 -15 -4 -12 0 0 0 0 2236 1256 
1 -7 -15 -4 -12 0 0 0 0 2143 1304 
0 -7 -14 -4 -12 0 0 0 0 2199 1348 
1 -6 -14 -5 -12 0 0 0 0 2091 1305 
1 -5 -13 -5 -12 0 0 0 0 2122 1323 
0 -4 -11 -4 -12 0 0 0 0 2117 1309 
1 -3 -10 -4 -11 0 0 0 0 2050 1260 
1 -3 -10 -3 -11 0 0 0 0 2070 1235 
1 -2 -10 -2 -10 0 0 0 0 1970 1270 
1 -1 -9 -1 -10 0 0 0 0 1850 1171 
1 -1 -9 0 -9 0 0 0 0 2274 1379 
1 0 -8 0 -8 0 0 0 0 2061 1313 
1 0 -7 0 -7 0 0 0 0 1933 1242 
1 0 -7 0 -7 1 0 1 0 1965 1212 
1 0 -7 0 -7 0 0 0 0 1983 1214 
1 0 -7 0 -6 0 0 0 0 1950 1174 
1 0 -6 0 -6 1 0 1 0 1959 1232 
1 0 -5 0 -5 1 0 1 0 1844 1250 
1 1 -4 0 -4 1 0 1 0 1850 1261 
1 1 -3 0 -4 1 0 1 0 1781 1179 
1 1 -3 0 -4 1 0 1 0 1783 1174 
0 1 -2 0 -3 1 0 1 0 1859 1141 
1 1 -2 0 -2 1 0 1 0 1825 1259 
0 2 -1 1 -2 1 0 1 0 1792 1172 
1 3 0 1 -1 1 1 1 0 1768 1073 
0 3 1 1 0 1 1 1 0 1724 1102 
1 3 1 1 0 1 1 1 0 1651 1095 
0 3 1 1 0 1 1 1 1 1627 1038 
1 2 1 1 0 1 1 1 1 1683 1068 
0 2 1 2 1 1 1 1 1 1596 1005 
0 2 1 2 1 1 1 1 1 1079 630 
0 -4 -2 -1 0 0 0 0 1 971 644 
0 -5 -4 -1 0 0 0 0 0 1487 894 
0 -7 -6 -2 -1 0 0 0 0 1523 827 
0 -7 -7 -2 -2 0 0 0 0 1378 844 
0 -8 -7 -3 -3 0 0 0 0 1415 873 
0 -6 -7 -4 -4 0 0 0 0 1345 844 
0 -6 -6 -4 -5 0 0 0 0 1326 763 
0 -5 -7 -5 -6 0 0 0 0 1374 739 
0 -5 -7 -5 -7 0 0 0 0 1235 732 
1 -5 -8 -5 -7 0 0 0 0 1284 715 
1 -6 -9 -4 -7 0 0 0 0 1190 800 
1 -6 -9 -4 -7 0 0 0 0 1205 746 
1 -6 -10 -4 -8 0 0 0 0 1212 715 
1 -5 -10 -3 -8 0 0 0 0 1407 792 
1 -5 -10 -3 -8 0 0 0 0 1195 720 
1 -4 -10 -3 -9 0 0 0 0 1238 702 
1 -3 -10 -3 -9 0 0 0 0 1159 694 
1 -2 -9 -2 -9 0 0 0 0 1221 985 
1 -2 -9 -2 -9 0 0 0 0 1176 768 
1 -1 -9 -1 -9 0 0 0 0 1206 754 
1 -1 -8 -1 -9 0 0 0 0 1119 703 
1 0 12 1 13 1 1 1 1 1528 990 
1 0 12 0 13 0 1 1 1 1975 1288 
1 0 12 0 13 0 1 1 1 1956 1262 
1 0 12 0 12 0 1 0 1 1892 1225 
1 0 11 0 11 0 1 0 1 1358 853 
1 -1 10 0 11 0 1 0 1 2006 1221 
1 -1 10 0 10 0 1 0 1 1986 1192 
1 0 10 0 10 0 1 0 1 1922 1185 
0 0 11 0 11 1 1 1 1 1795 1275 
0 2 13 0 11 1 1 1 1 1901 1287 
0 5 15 1 12 1 1 1 1 1878 1212 
0 6 17 1 12 1 1 1 1 1775 1237 
0 6 17 2 12 1 1 1 1 1656 1140 
0 6 16 2 12 1 1 1 1 1792 1159 
1 4 13 2 12 1 1 1 1 1747 1148 
1 2 11 3 12 1 1 1 1 1732 1087 
1 1 10 3 12 1 1 1 1 1868 1241 
0 0 8 3 11 1 1 1 1 1825 1074 
1 0 7 2 10 1 1 1 1 1769 1040 
0 0 7 1 9 1 1 1 1 1678 1113 
1 0 7 0 7 1 1 1 1 1803 1074 
0 0 6 0 6 0 1 1 1 1531 1071 
0 0 5 0 5 0 1 0 1 1615 1004 
0 0 5 0 5 0 1 0 1 1581 1034 
0 0 4 0 4 0 1 0 1 1640 1068 
0 -1 4 -1 4 0 1 0 1 1530 959 
1 -1 3 -1 3 0 1 0 1 1547 969 
1 -1 2 -1 2 0 1 0 1 1517 1012 
1 -1 2 -1 2 0 1 0 1 1699 1139 
1 0 1 0 1 0 1 0 1 1570 1005 
1 0 1 0 1 0 1 0 1 1542 972 
1 0 1 0 1 0 1 0 1 1536 993 
1 0 1 0 1 0 1 0 1 1520 913 
1 0 1 0 1 1 1 1 1 1499 924 
1 0 0 0 0 0 1 0 1 1448 921 
1 0 0 0 0 0 1 0 1 1323 917 
1 0 0 0 0 0 1 0 1 1424 867 
1 0 0 0 0 0 1 0 1 1426 909 
1 0 0 0 0 0 1 0 1 1430 831 
1 0 1 0 1 1 1 1 1 1384 859 
1 1 2 0 1 1 1 1 1 1480 915 
1 3 4 1 2 1 1 1 1 1392 874 
1 5 7 1 3 1 1 1 1 1464 855 
1 7 9 2 4 1 1 1 1 1381 890 
1 9 11 3 5 1 1 1 1 1345 841 
1 10 13 4 7 1 1 1 1 1244 798 
1 12 15 5 9 1 1 1 1 1360 839 
1 13 17 7 11 1 1 1 1 1335 819 
1 15 20 8 13 1 1 1 1 1229 776 
1 16 22 9 15 1 1 1 1 1332 764 
1 17 24 10 17 1 1 1 1 1215 762 
1 18 26 11 19 1 1 1 1 1178 737 
1 17 26 11 20 1 1 1 1 1327 825 
1 17 26 11 21 1 1 1 1 1237 741 
1 15 26 11 22 1 1 1 1 1201 700 
1 14 25 11 23 1 1 1 1 1194 760 
1 12 24 10 23 1 1 1 1 1137 745 
1 10 24 9 23 1 1 1 1 1356 697 
1 8 23 8 23 1 1 1 1 1302 785 
1 7 23 7 23 1 1 1 1 1285 683 
1 6 23 6 22 1 1 1 1 1245 678 
1 6 23 5 22 1 1 1 1 1196 694 
1 6 25 4 23 1 1 1 1 1115 641 
0 8 30 8 30 1 1 1 1 2156 1267 
0 6 28 6 28 1 1 1 1 2053 1284 
0 3 24 5 27 1 1 1 1 2122 1293 
0 0 21 4 25 1 1 1 1 2022 1251 
0 -2 17 2 23 0 1 1 1 2055 1288 
0 -4 15 0 21 0 1 1 1 2017 1346 
0 -6 13 -1 18 0 1 0 1 2001 1251 
0 -6 12 -2 16 0 1 0 1 1989 1302 
0 -6 11 -4 14 0 1 0 1 2085 1287 
0 -6 11 -5 12 0 1 0 1 1962 1239 
0 -5 10 -5 10 0 1 0 1 2066 1194 
0 -4 10 -4 9 0 1 0 1 2037 1198 
0 -3 9 -4 8 0 1 0 1 1932 1260 
0 -3 8 -4 7 0 1 0 1 1838 1199 
0 -3 7 -3 6 0 1 0 1 2028 1267 
0 -2 5 -3 5 0 1 0 1 1937 1234 
0 -3 4 -2 4 0 1 0 1 1985 1217 
0 -3 1 -2 3 0 1 0 1 1907 1212 
0 -4 0 -1 2 0 0 0 1 1922 1196 
0 -4 -2 -1 0 0 0 0 1 1847 1172 
0 -5 -4 -1 0 0 0 0 0 1855 1148 
0 -6 -5 -2 -2 0 0 0 0 1823 1136 
0 -6 -7 -3 -3 0 0 0 0 1868 1130 
0 -7 -8 -3 -5 0 0 0 0 1740 1148 
0 -7 -8 -4 -6 0 0 0 0 1772 1094 
0 -6 -9 -4 -7 0 0 0 0 1708 1124 
1 -7 -10 -5 -8 0 0 0 0 1817 1180 
0 -7 -11 -5 -9 0 0 0 0 1746 1142 
1 -7 -12 -5 -10 0 0 0 0 1651 1048 
0 -7 -12 -5 -10 0 0 0 0 1820 1080 
1 -7 -13 -5 -11 0 0 0 0 1703 1072 
0 -6 -13 -4 -11 0 0 0 0 1619 1050 
0 -5 -13 -4 -11 0 0 0 0 1731 1123 
1 -4 -12 -3 -12 0 0 0 0 1711 1072 
0 -3 -12 -3 -12 0 0 0 0 1592 1063 
0 -3 -12 -3 -12 0 0 0 0 1656 1006 
0 -2 -12 -2 -12 0 0 0 0 1531 986 
0 -2 -12 -2 -12 0 0 0 0 1442 931 
0 -1 -12 -1 -12 0 0 0 0 1610 1152 
0 -1 -11 -1 -11 0 0 0 0 1742 1017 
0 -1 -11 -1 -11 0 0 0 0 1629 985 
0 0 -10 0 -10 0 0 0 0 1538 910 
0 0 -10 0 -10 0 0 0 0 1491 935 
0 0 -9 0 -9 0 0 0 0 1515 964 
0 0 -9 0 -9 0 0 0 0 1520 960 
0 0 -8 0 -8 1 0 1 0 1439 875 
0 0 -7 0 -7 1 0 1 0 1369 904 
0 0 -7 0 -7 1 0 1 0 1393 935 
0 0 -7 0 -7 0 0 0 0 1369 984 
0 0 -7 0 -6 0 0 0 0 1293 974 
0 -1 -7 0 -6 0 0 0 0 1501 989 
0 -1 -7 0 -6 0 0 0 0 1399 911 
0 -1 -7 0 -6 0 0 0 0 1438 861 
0 -1 -7 0 -5 0 0 0 0 1434 855 
0 -1 -6 0 -5 0 0 0 0 1403 839 
0 -2 -7 -1 -6 0 0 0 0 1400 832 
0 -2 -7 -1 -6 0 0 0 0 1402 869 
0 -2 -7 -1 -6 0 0 0 0 1274 810 
0 -3 -8 -1 -6 0 0 0 0 1310 767 
0 -3 -8 -1 -6 0 0 0 0 1370 741 
0 -4 -8 -2 -6 0 0 0 0 1307 828 
0 -4 -9 -2 -7 0 0 0 0 1275 727 
0 -5 -9 -2 -7 0 0 0 0 1304 888 
0 -6 -10 -3 -8 0 0 0 0 1267 782 
0 -6 -11 -3 -8 0 0 0 0 1168 788 
0 -7 -12 -4 -9 0 0 0 0 1145 735 
0 -8 -13 -4 -9 0 0 0 0 1207 748 
0 -7 -13 -4 -10 0 0 0 0 1183 725 
0 -7 -13 -4 -10 0 0 0 0 1182 687 
0 -6 -12 -4 -10 0 0 0 0 1203 732 
0 -5 -12 -4 -11 0 0 0 0 1180 732 
0 -4 -11 -4 -11 0 0 0 0 1123 659 
0 -5 -13 -5 -12 0 0 0 0 1178 668 
0 -8 -16 -5 -13 0 0 0 0 2935 1919 
0 -11 -20 -6 -14 0 0 0 0 2803 1818 
0 -14 -24 -6 -16 0 0 0 0 2913 1929 
0 -18 -29 -7 -18 0 0 0 0 2867 1957 
0 -19 -31 -8 -20 0 0 0 0 2840 1758 
0 -19 -32 -9 -22 0 0 0 0 2969 1888 
0 -18 -32 -10 -24 0 0 0 0 3063 1812 
0 -18 -32 -11 -26 0 0 0 0 2944 1729 
0 -17 -32 -12 -28 0 0 0 0 2794 1776 
0 -16 -32 -13 -29 0 0 0 0 2870 1918 
0 -15 -32 -12 -29 0 0 0 0 3052 1875 
0 -14 -31 -12 -29 0 0 0 0 3038 1847 
0 -12 -31 -11 -29 0 0 0 0 2953 1838 
0 -11 -30 -10 -29 0 0 0 0 2680 1627 
0 -10 -30 -9 -29 0 0 0 0 2464 1519 
0 -9 -30 -8 -28 0 0 0 0 2310 1408 
0 -9 -30 -7 -28 0 0 0 0 2317 1397 
0 -9 -31 -6 -28 0 0 0 0 2369 1458 
0 -8 -31 -5 -28 0 0 0 0 2256 1401 
1 -8 -32 -4 -28 0 0 0 0 2148 1386 
1 -8 -31 -4 -28 0 0 0 0 2173 1257 
1 -8 -31 -4 -28 0 0 0 0 2261 1426 
1 -7 -31 -4 -28 0 0 0 0 2176 1392 
1 -7 -30 -5 -28 0 0 0 0 2216 1374 
1 -6 -29 -5 -27 0 0 0 0 2292 1406 
1 -6 -28 -4 -27 0 0 0 0 2176 1336 
1 -5 -27 -4 -26 0 0 0 0 1495 950 
1 -4 -25 -4 -25 0 0 0 0 2146 1299 
1 -3 -24 -3 -24 0 0 0 0 2566 1458 
0 -2 -22 -3 -23 0 0 0 0 2159 1280 
1 -1 -21 -2 -22 0 0 0 0 1736 1095 
0 -1 -20 -1 -20 0 0 0 0 1821 1225 
1 0 -18 -1 -19 0 0 0 0 702 459 
0 0 -17 0 -18 1 0 0 0 1865 1197 
1 0 -16 0 -17 1 0 0 0 1854 1199 
0 0 -15 0 -15 1 0 1 0 1837 1192 
1 0 -14 0 -14 1 0 1 0 2105 1230 
0 0 -13 0 -13 1 0 1 0 1870 1125 
1 0 -12 0 -12 1 0 1 0 1875 1047 
0 0 -11 0 -11 1 0 1 0 1737 1092 
1 0 -10 0 -10 1 0 1 0 1806 1140 
0 0 -10 0 -10 1 0 1 0 1719 1084 
1 0 -9 0 -9 1 0 1 0 1751 1058 
0 0 -8 0 -8 1 0 1 0 1741 1050 
1 0 -7 0 -7 1 0 1 0 1652 1015 
0 0 -6 0 -6 1 0 1 0 1735 1055 
1 0 -5 0 -5 1 0 1 0 1635 1012 
0 0 -5 0 -5 1 0 1 0 1615 962 
0 0 -4 0 -4 0 0 0 0 1710 1097 
0 0 -3 0 -3 1 0 1 0 1646 1012 
0 0 -3 0 -3 1 0 1 0 1627 1003 
0 0 -2 0 -2 1 0 1 0 1588 996 
0 0 -2 0 -2 1 0 1 0 1479 942 
0 0 -2 0 -2 1 0 1 0 1457 914 
0 0 -1 0 -1 1 0 1 0 1526 957 
0 0 -1 0 -1 1 0 1 0 1424 908 
0 0 -1 0 -1 1 0 1 0 1443 879 
0 0 -1 0 -1 1 0 1 0 1465 868 
0 0 0 0 0 1 0 1 0 1433 882 
0 0 0 0 0 1 0 1 0 1330 824 
0 0 0 0 0 0 0 0 0 1550 867 
0 0 0 0 0 0 0 0 0 1417 878 
0 -1 -1 0 0 0 0 0 0 1363 886 
1 -2 -3 0 -1 0 0 0 0 1338 867 
1 -4 -5 -1 -2 0 0 0 0 1411 832 
1 -6 -7 -2 -3 0 0 0 0 1317 809 
1 -7 -8 -2 -4 0 0 0 0 1298 816 
0 -7 -8 -3 -4 0 0 0 0 1340 843 
0 -6 -8 -3 -5 0 0 0 0 1384 742 
0 -5 -7 -3 -6 0 0 0 0 1292 762 
0 -4 -11 -1 -7 0 0 0 0 815 504 
0 -7 -14 -2 -8 0 0 0 0 1888 1228 
0 -10 -17 -3 -10 0 0 0 0 1844 1327 
0 -11 -19 -4 -11 0 0 0 0 2047 1224 
0 -10 -18 -4 -12 0 0 0 0 2049 1276 
0 -9 -17 -5 -13 0 0 0 0 1890 1234 
0 -8 -16 -6 -14 0 0 0 0 1970 1294 
0 -7 -15 -7 -15 0 0 0 0 1972 1153 
0 -6 -15 -7 -15 0 0 0 0 1987 1232 
0 -7 -15 -7 -15 0 0 0 0 2008 1340 
0 -7 -16 -6 -15 0 0 0 0 2033 1313 
0 -7 -16 -5 -15 0 0 0 0 2054 1311 
0 -7 -17 -4 -14 0 0 0 0 2169 1229 
0 -7 -17 -4 -14 0 0 0 0 2155 1282 
0 -7 -17 -4 -15 0 0 0 0 2166 1400 
0 -6 -18 -4 -15 0 0 0 0 1962 1205 
0 -6 -18 -4 -16 0 0 0 0 2086 1324 
0 -6 -19 -3 -16 0 0 0 0 1930 1226 
0 -6 -20 -3 -16 0 0 0 0 1966 1265 
0 -6 -19 -4 -17 0 0 0 0 1964 1302 
0 -6 -19 -4 -17 0 0 0 0 2027 1194 
0 -7 -20 -4 -17 0 0 0 0 1855 1204 
0 -7 -20 -5 -17 0 0 0 0 1973 1355 
0 -7 -20 -5 -18 0 0 0 0 1904 1242 
0 -7 -20 -5 -18 0 0 0 0 1950 1161 
0 -7 -20 -5 -18 0 0 0 0 1986 1170 
0 -7 -20 -5 -18 0 0 0 0 1844 1168 
0 -7 -20 -5 -18 0 0 0 0 1814 1147 
0 -7 -21 -4 -18 0 0 0 0 1817 1154 
0 -8 -22 -5 -19 0 0 0 0 1820 1135 
0 -8 -23 -5 -19 0 0 0 0 1770 1137 
0 -9 -23 -5 -20 0 0 0 0 1792 1175 
0 -8 -23 -5 -20 0 0 0 0 1787 1136 
1 -8 -23 -5 -20 0 0 0 0 1729 1106 
1 -7 -22 -5 -20 0 0 0 0 1837 1221 
0 -7 -22 -5 -20 0 0 0 0 1778 1188 
1 -6 -22 -5 -20 0 0 0 0 1744 1144 
0 -6 -21 -5 -20 0 0 0 0 1704 1011 
1 -5 -20 -4 -19 0 0 0 0 1729 1068 
0 -4 -19 -4 -19 0 0 0 0 1625 1065 
1 -3 -18 -3 -18 0 0 0 0 1774 1024 
1 -3 -17 -3 -17 0 0 0 0 1583 1043 
1 -2 -16 -2 -17 0 0 0 0 1531 1001 
1 -2 -16 -2 -16 0 0 0 0 1529 969 
1 -1 -15 -1 -15 0 0 0 0 1569 1103 
1 -1 -14 -1 -14 0 0 0 0 1505 1023 
0 0 -13 0 -13 0 0 0 0 1589 1078 
1 0 -12 0 -12 0 0 0 0 1524 1010 
1 0 -11 0 -11 0 0 0 0 1535 992 
1 0 -11 0 -11 0 0 0 0 1506 954 
1 0 -10 0 -10 0 0 0 0 1520 957 
1 0 -10 0 -10 0 0 0 0 1446 906 
1 0 -9 0 -9 1 0 1 0 1421 942 
1 0 -8 0 -8 1 0 1 0 1447 910 
1 0 -7 0 -8 1 0 1 0 1452 879 
1 0 -6 0 -7 1 0 1 0 1235 783 
1 1 -6 0 -6 1 0 1 0 748 494 
1 0 -5 0 -6 1 0 1 0 1368 716 
1 0 -5 0 -5 1 0 1 0 1346 874 
1 1 -4 0 -4 1 0 1 0 1402 808 
1 1 -2 1 -3 1 0 1 0 1341 861 
1 2 -1 1 -2 1 0 1 0 1230 734 
1 3 0 1 -1 1 1 1 0 1186 761 
1 6 3 2 0 1 1 1 0 1244 738 
1 6 4 2 0 1 1 1 1 1269 792 
0 6 5 2 1 1 1 1 1 1236 719 
1 7 6 3 3 1 1 1 1 1235 760 
1 6 7 3 4 1 1 1 1 1269 743 
1 5 6 4 5 1 1 1 1 1209 704 
1 5 6 4 5 1 1 1 1 1188 736 
1 4 6 4 6 1 1 1 1 1258 807 
1 3 6 4 6 1 1 1 1 1232 765 
1 2 6 3 6 1 1 1 1 1200 672 
1 2 6 2 6 1 1 1 1 1140 741 
1 2 6 2 6 1 1 1 1 1095 709 
1 3 8 2 7 1 1 1 1 1058 706 
1 3 8 1 7 1 1 1 1 1145 705 
1 2 8 1 7 1 1 1 1 1177 656 
1 2 8 1 7 1 1 1 1 1105 658 
1 2 9 1 7 1 1 1 1 1080 647 
1 4 10 2 8 1 1 1 1 1154 673 
0 7 15 3 11 1 1 1 1 2270 1317 
0 11 19 4 13 1 1 1 1 2203 1241 
0 13 22 5 14 1 1 1 1 2113 1340 
0 14 23 5 14 1 1 1 1 2069 1360 
0 13 22 6 15 1 1 1 1 2154 1329 
0 9 18 6 15 1 1 1 1 2146 1267 
0 6 16 7 16 1 1 1 1 2194 1389 
0 5 15 7 17 1 1 1 1 2130 1351 
0 5 15 7 18 1 1 1 1 2204 1319 
0 4 15 7 17 1 1 1 1 315 206 
0 4 14 4 15 1 1 1 1 1548 997 
0 1 12 2 13 1 1 1 1 1202 735 
0 -9 0 -3 5 0 1 0 1 438 286 
0 -11 -2 -5 3 0 0 0 1 497 313 
0 -14 -8 -8 -1 0 0 0 0 1408 957 
0 -15 -11 -8 -4 0 0 0 0 2164 1325 
0 -16 -14 -9 -6 0 0 0 0 2129 1380 
0 -18 -17 -10 -10 0 0 0 0 2043 1276 
0 -20 -22 -12 -13 0 0 0 0 1972 1281 
0 -23 -26 -13 -16 0 0 0 0 2184 1274 
0 -27 -32 -15 -20 0 0 0 0 2058 1258 
0 -31 -39 -16 -25 0 0 0 0 2052 1184 
0 -35 -47 -19 -30 0 0 0 0 1940 1286 
0 -40 -55 -21 -36 0 0 0 0 383 253 
0 -47 -68 -26 -47 0 0 0 0 521 310 
1 -44 -77 -32 -66 0 0 0 0 1291 837 
1 -40 -76 -31 -68 0 0 0 0 637 410 
1 -35 -74 -30 -69 0 0 0 0 302 207 
1 -24 -67 -24 -68 0 0 0 0 1285 780 
0 -18 -64 -21 -66 0 0 0 0 1625 1151 
1 -14 -62 -17 -65 0 0 0 0 1571 1033 
1 -1 -53 -1 -53 0 0 0 0 1609 972 
1 0 -51 0 -51 1 0 1 0 1505 991 
1 0 -49 0 -49 1 0 1 0 1577 950 
1 1 -48 1 -48 1 0 1 0 1628 1027 
1 1 -45 1 -45 1 0 1 0 1426 935 
1 1 -43 1 -43 1 0 1 0 1539 953 
1 1 -41 1 -41 1 0 1 0 1456 906 
1 0 -39 0 -39 1 0 1 0 1519 957 
0 0 -37 0 -37 1 0 1 0 1536 865 
0 0 -35 0 -35 1 0 1 0 1306 776 
0 0 -32 0 -32 1 0 1 0 1414 760 
0 1 -29 0 -30 1 0 1 0 1002 610 
0 2 -25 0 -27 1 0 1 0 1410 803 
0 3 -22 1 -25 1 0 1 0 1200 692 
0 5 -18 1 -21 1 0 1 0 1445 811 
0 7 -13 2 -18 1 0 1 0 1475 928 
0 9 -9 3 -15 1 0 1 0 1383 856 
0 9 -7 4 -12 1 0 1 0 1321 801 
0 8 -6 4 -10 1 0 1 0 1360 803 
0 5 -7 4 -8 1 0 1 0 1274 790 
0 1 -9 3 -7 1 0 1 0 1236 745 
0 -2 -11 3 -6 0 0 1 0 1259 816 
0 -4 -12 2 -5 0 0 1 0 1205 741 
0 -4 -11 1 -4 0 0 1 0 1162 766 
0 -4 -9 0 -4 0 0 1 0 1191 779 
0 -4 -8 -1 -5 0 0 0 0 1175 735 
0 -5 -7 -3 -5 0 0 0 0 1238 716 
0 -6 -8 -5 -6 0 0 0 0 1277 750 
0 -7 -8 -5 -6 0 0 0 0 1251 763 
0 -9 -9 -6 -6 0 0 0 0 1127 720 
0 -9 -9 -6 -5 0 0 0 0 434 266 
0 -9 -9 -6 -5 0 0 0 0 805 509 
0 -28 -38 -12 -22 0 0 0 0 2213 1368 
0 -42 -56 -17 -31 0 0 0 0 2148 1277 
0 -54 -72 -21 -39 0 0 0 0 2218 1277 
0 -68 -89 -26 -47 0 0 0 0 2175 1324 
0 -82 -107 -32 -56 0 0 0 0 2242 1392 
0 -76 -104 -37 -65 0 0 0 0 2135 1271 
0 -71 -104 -41 -74 0 0 0 0 2123 1296 
0 -69 -105 -46 -82 0 0 0 0 2280 1399 
0 -67 -107 -51 -92 0 0 0 0 2277 1324 
0 -63 -107 -56 -101 0 0 0 0 2153 1303 
0 -60 -108 -51 -99 0 0 0 0 2088 1310 
0 -55 -107 -46 -98 0 0 0 0 2091 1303 
0 -50 -106 -43 -98 0 0 0 0 2262 1446 
0 -43 -103 -38 -98 0 0 0 0 2062 1361 
0 -37 -100 -33 -97 0 0 0 0 2224 1359 
0 -30 -97 -28 -95 0 0 0 0 2155 1385 
0 -25 -95 -24 -94 0 0 0 0 2111 1316 
0 -19 -92 -18 -92 0 0 0 0 1983 1309 
0 -14 -91 -13 -90 0 0 0 0 1400 958 
0 -10 -90 -7 -88 0 0 0 0 2010 1226 
0 -11 -89 -7 -85 0 0 0 0 1894 1275 
1 -12 -89 -7 -84 0 0 0 0 1997 1267 
1 -14 -90 -7 -83 0 0 0 0 1952 1197 
1 -15 -90 -7 -83 0 0 0 0 1994 1286 
1 -16 -90 -8 -82 0 0 0 0 2032 1320 
1 -17 -89 -8 -81 0 0 0 0 2036 1293 
1 -16 -87 -9 -80 0 0 0 0 1956 1290 
1 -16 -84 -10 -78 0 0 0 0 1912 1307 
1 -15 -81 -10 -77 0 0 0 0 1828 1222 
1 -13 -77 -10 -75 0 0 0 0 1823 1220 
1 -12 -73 -11 -72 0 0 0 0 1855 1220 
1 -9 -69 -10 -69 0 0 0 0 1834 1218 
1 -6 -64 -8 -66 0 0 0 0 1853 1160 
1 -2 -57 -6 -61 0 0 0 0 1799 1413 
0 2 -50 -3 -55 1 0 0 0 1821 1177 
1 6 -43 -1 -51 1 0 0 0 1772 1178 
1 9 -37 0 -45 1 0 1 0 1770 1225 
0 12 -31 3 -40 1 0 1 0 1774 1149 
1 12 -28 5 -35 1 0 1 0 1697 1074 
0 11 -26 6 -30 1 0 1 0 1702 1125 
1 11 -23 8 -26 1 0 1 0 1923 1029 
0 10 -20 9 -21 1 0 1 0 1774 1056 
0 9 -17 9 -17 1 0 1 0 1610 1155 
0 8 -15 8 -15 1 0 1 0 1651 1063 
0 7 -12 7 -12 1 0 1 0 1594 1105 
0 6 -9 6 -9 1 0 1 0 1650 997 
0 5 -7 5 -7 1 0 1 0 1633 1012 
0 4 -4 4 -4 1 0 1 0 1611 919 
0 3 -2 3 -2 1 0 1 0 1745 1041 
0 2 0 2 0 1 1 1 1 1560 907 
0 1 0 1 0 1 1 1 1 1516 917 
0 0 1 0 1 1 1 1 1 1470 965 
0 0 1 0 1 0 1 0 1 1371 936 
0 0 2 0 2 0 1 0 1 1404 929 
0 0 2 0 2 0 1 0 1 1446 950 
0 0 2 0 2 0 1 0 1 1488 918 
0 -1 2 0 2 0 1 0 1 1400 839 
0 -1 1 0 2 0 1 0 1 1430 890 
0 -2 0 0 2 0 1 0 1 1362 911 
0 -3 0 -1 2 0 1 0 1 1318 845 
0 -3 0 -1 1 0 0 0 1 1472 881 
0 -4 -1 -2 0 0 0 0 1 1411 836 
0 -7 -4 -3 0 0 0 0 0 1373 807 
0 -8 -7 -4 -2 0 0 0 0 1379 892 
0 -11 -10 -5 -3 0 0 0 0 1459 970 
0 -13 -13 -6 -5 0 0 0 0 1310 809 
0 -15 -15 -7 -7 0 0 0 0 1261 810 
0 -14 -15 -7 -8 0 0 0 0 1249 790 
0 -14 -16 -8 -10 0 0 0 0 1235 822 
0 -14 -16 -9 -12 0 0 0 0 1326 734 
1 -13 -17 -10 -13 0 0 0 0 1261 755 
1 -12 -16 -10 -14 0 0 0 0 1217 787 
1 -11 -16 -9 -15 0 0 0 0 1399 767 
1 -9 -15 -8 -15 0 0 0 0 1244 750 
1 -7 -15 -7 -15 0 0 0 0 1206 662 
1 -6 -16 -7 -16 0 0 0 0 1250 740 
1 -6 -16 -6 -16 0 0 0 0 1151 729 
1 -7 -19 -5 -17 0 0 0 0 1167 679 
1 -8 -21 -5 -18 0 0 0 0 1225 735 
1 -8 -23 -4 -18 0 0 0 0 1112 689 
1 -9 -25 -4 -19 0 0 0 0 1120 617 
1 -9 -26 -4 -20 0 0 0 0 1142 674 
1 -6 -22 -3 -19 0 0 0 0 1072 744 
1 5 -8 0 -14 1 0 0 0 872 533 
1 17 5 2 -8 1 1 1 0 2090 1332 
1 28 18 6 -3 1 1 1 0 2055 1300 
1 38 30 9 1 1 1 1 1 2120 1298 
1 45 39 13 7 1 1 1 1 2243 1328 
1 40 36 16 12 1 1 1 1 2193 1565 
1 36 35 20 19 1 1 1 1 2235 1423 
1 35 36 25 26 1 1 1 1 2030 1315 
0 36 39 29 33 1 1 1 1 2014 1338 
0 36 43 33 39 1 1 1 1 2022 1312 
0 39 48 31 40 1 1 1 1 1998 1363 
0 39 51 28 41 1 1 1 1 2029 1263 
0 38 53 27 42 1 1 1 1 2206 1404 
0 35 53 25 44 1 1 1 1 2108 1439 
1 30 52 23 45 1 1 1 1 2093 1273 
1 25 50 21 47 1 1 1 1 2162 1366 
1 20 48 19 47 1 1 1 1 2164 1386 
1 14 46 15 47 1 1 1 1 2005 1310 
1 8 43 11 46 1 1 1 1 2043 1451 
1 4 41 7 44 1 1 1 1 2116 1420 
1 2 39 5 42 1 1 1 1 2021 1370 
1 1 37 4 41 1 1 1 1 2064 1214 
1 0 35 2 39 0 1 1 1 2048 1265 
1 0 35 1 37 0 1 1 1 1969 1383 
1 -1 34 0 35 0 1 0 1 2137 1278 
1 -1 35 -1 34 0 1 0 1 1939 1306 
1 0 35 -2 34 0 1 0 1 2011 1286 
1 3 39 -1 34 1 1 0 1 1975 1253 
0 6 42 0 35 1 1 1 1 1876 1224 
1 10 45 1 36 1 1 1 1 1880 1110 
1 13 46 3 37 1 1 1 1 1946 1179 
0 15 48 5 37 1 1 1 1 1760 1238 
0 15 46 7 38 1 1 1 1 1754 1168 
0 14 45 8 39 1 1 1 1 1736 1197 
0 14 44 10 40 1 1 1 1 1685 1151 
1 14 43 11 40 1 1 1 1 1720 1180 
1 12 41 11 39 1 1 1 1 1836 1064 
0 11 38 10 38 1 1 1 1 1723 1092 
1 10 36 9 36 1 1 1 1 1733 1080 
0 7 34 8 34 1 1 1 1 1602 1044 
1 6 32 7 32 1 1 1 1 1930 1104 
0 5 30 6 30 1 1 1 1 1694 1028 
1 4 28 4 28 1 1 1 1 1768 1037 
1 2 26 3 26 1 1 1 1 1586 1010 
1 1 24 1 24 1 1 1 1 1591 1054 
1 0 22 0 22 1 1 1 1 1619 1017 
1 0 19 0 19 0 1 0 1 1551 982 
1 0 17 0 17 0 1 0 1 1477 946 
1 0 15 0 15 0 1 0 1 1696 1004 
1 0 13 0 13 0 1 0 1 1486 999 
1 0 13 0 13 0 1 0 1 1559 1018 
1 0 12 0 12 0 1 0 1 1461 957 
1 0 11 0 11 0 1 0 1 1444 942 
1 0 10 0 10 0 1 0 1 1475 935 
1 1 12 0 10 1 1 1 1 1443 920 
1 3 13 1 11 1 1 1 1 1448 845 
0 6 16 2 11 1 1 1 1 1349 826 
0 10 20 3 13 1 1 1 1 1387 907 
0 15 25 5 15 1 1 1 1 1407 875 
0 17 28 6 17 1 1 1 1 1250 860 
0 18 29 7 19 1 1 1 1 1453 961 
0 17 29 8 20 1 1 1 1 1386 853 
1 15 27 9 21 1 1 1 1 1356 826 
1 11 23 10 22 1 1 1 1 1410 810 
1 7 20 10 22 1 1 1 1 1300 1001 
1 5 18 9 22 1 1 1 1 1323 967 
1 4 16 8 21 1 1 1 1 1266 862 
1 2 15 6 19 1 1 1 1 1227 847 
1 1 14 4 16 1 1 1 1 1335 772 
1 0 12 2 14 1 1 1 1 1237 836 
1 -1 10 0 12 0 1 1 1 1248 757 
0 -2 9 0 11 0 1 0 1 1207 694 
0 -3 8 -2 9 0 1 0 1 1346 834 
0 -4 7 -2 8 0 1 0 1 1286 811 
0 -3 7 -3 8 0 1 0 1 1179 799 
0 -1 9 -3 8 0 1 0 1 1173 754 
0 0 11 -2 8 1 1 0 1 1173 671 
0 2 13 -1 8 1 1 0 1 1181 752 
0 5 14 0 9 1 1 0 1 1272 753 
0 6 14 1 9 1 1 1 1 1158 709 
0 6 14 2 10 1 1 1 1 1156 770 
0 6 14 3 11 1 1 1 1 1157 669 
0 4 12 3 11 1 1 1 1 1179 763 
1 2 9 3 10 1 1 1 1 1454 1033 
1 -2 3 2 8 0 1 1 1 1467 938 
1 -8 -3 0 5 0 0 1 1 1554 936 
1 -12 -7 -1 3 0 0 0 1 1536 958 
0 -13 -9 -2 1 0 0 0 1 1509 956 
0 -12 -8 -3 0 0 0 0 0 1554 960 
0 -8 -5 -4 -1 0 0 0 0 1430 917 
0 -4 -1 -5 -2 0 0 0 0 1486 887 
0 0 2 -6 -3 0 1 0 0 1521 968 
0 1 4 -6 -3 1 1 0 0 1535 971 
0 2 4 -5 -2 1 1 0 0 1510 972 
0 1 3 -3 -1 1 1 0 0 1537 947 
0 1 2 -1 0 1 1 0 0 1628 1016 
0 -1 0 0 0 0 0 1 1 1506 928 
0 -2 -2 1 0 0 0 1 1 1628 939 
0 -3 -5 1 0 0 0 1 0 1545 892 
0 -2 -5 1 -1 0 0 1 0 1447 976 
0 -2 -6 1 -2 0 0 1 0 1442 969 
0 -2 -7 0 -4 0 0 1 0 1640 929 
0 -2 -8 0 -5 0 0 0 0 1466 952 
0 -2 -8 -1 -7 0 0 0 0 1442 941 
1 -4 -9 -2 -7 0 0 0 0 1464 885 
1 -5 -10 -3 -8 0 0 0 0 1516 895 
0 -6 -11 -4 -9 0 0 0 0 1429 879 
0 -6 -11 -4 -9 0 0 0 0 1568 1000 
1 -6 -11 -4 -9 0 0 0 0 1437 896 
0 -5 -10 -4 -9 0 0 0 0 1407 930 
0 -4 -9 -4 -8 0 0 0 0 1466 898 
0 -3 -8 -3 -8 0 0 0 0 1396 876 
0 -2 -8 -2 -8 0 0 0 0 1349 899 
1 -1 -7 -2 -8 0 0 0 0 1384 894 
0 -1 -7 -1 -8 0 0 0 0 1343 860 
1 -1 -7 -1 -7 0 0 0 0 1292 802 
1 -1 -8 0 -7 0 0 0 0 1295 827 
1 -1 -7 0 -7 0 0 0 0 1329 806 
1 0 -7 0 -7 0 0 0 0 1270 827 
1 0 -7 0 -7 0 0 0 0 1348 790 
1 0 -6 0 -6 0 0 0 0 1164 769 
1 0 -5 0 -5 0 0 0 0 1119 740 
1 0 -4 0 -4 0 0 0 0 1102 705 
1 0 -3 0 -3 0 0 0 0 1132 689 
1 0 -3 0 -3 0 0 0 0 1177 681 
1 0 -3 0 -3 0 0 0 0 1062 627 
1 0 -3 0 -3 0 0 0 0 1049 714 
1 0 -3 0 -3 0 0 0 0 1080 682 
1 0 -3 0 -3 0 0 0 0 1041 658 
1 0 -3 0 -3 0 0 0 0 1062 648 
1 0 -2 0 -2 0 0 0 0 1074 677 
1 0 -2 0 -2 0 0 0 0 1041 639 
1 0 -2 0 -2 0 0 0 0 964 657 
1 0 -1 0 -1 0 0 0 0 984 594 
1 0 -1 0 -1 0 0 0 0 986 579 
1 0 0 0 0 1 0 1 0 1040 672 
1 1 0 0 0 1 1 1 0 992 608 
1 2 1 0 0 1 1 1 1 995 606 
1 3 2 1 0 1 1 1 1 979 572 
1 4 4 1 1 1 1 1 1 972 579 
1 4 4 1 2 1 1 1 1 838 554 
1 4 5 2 2 1 1 1 1 893 530 
1 4 5 2 3 1 1 1 1 884 520 
1 5 6 3 4 1 1 1 1 942 633 
1 4 6 3 5 1 1 1 1 958 582 
1 4 6 3 5 1 1 1 1 874 553 
1 -15 -31 -13 -29 0 0 0 0 2150 1469 
1 -15 -33 -12 -30 0 0 0 0 2013 1374 
1 -15 -35 -11 -30 0 0 0 0 2089 1292 
1 -15 -36 -10 -31 0 0 0 0 2008 1252 
1 -15 -37 -9 -31 0 0 0 0 1957 1225 
1 -14 -38 -8 -32 0 0 0 0 1990 1229 
1 -12 -37 -7 -33 0 0 0 0 2104 1256 
1 -9 -35 -6 -33 0 0 0 0 2049 1286 
1 -7 -34 -6 -33 0 0 0 0 1863 1259 
1 -6 -33 -6 -32 0 0 0 0 1911 1203 
1 -5 -31 -6 -32 0 0 0 0 1840 1239 
1 -4 -30 -5 -31 0 0 0 0 1910 1183 
1 -3 -28 -4 -29 0 0 0 0 2041 1229 
1 0 -25 -2 -27 0 0 0 0 1933 1182 
1 2 -22 -1 -25 1 0 0 0 1763 1177 
1 4 -18 0 -23 1 0 1 0 1809 1199 
1 6 -15 1 -21 1 0 1 0 1875 1243 
1 12 0 8 -3 1 1 1 0 1714 1108 
1 9 0 8 -1 1 0 1 0 1757 1167 
1 4 -1 7 0 1 0 1 1 1578 1060 
1 1 -1 5 1 1 0 1 1 1584 993 
1 -1 3 0 3 0 1 0 1 1372 819 
1 -2 1 0 2 0 1 0 1 1337 859 
1 -4 -1 -1 1 0 0 0 1 1373 830 
1 -5 -2 -1 1 0 0 0 1 1383 816 
1 -6 -4 -2 0 0 0 0 1 1277 806 
1 -10 -15 -4 -9 0 0 0 0 2330 1337 
1 -20 -27 -8 -14 0 0 0 0 2122 1299 
1 -31 -39 -11 -20 0 0 0 0 2226 1320 
1 -43 -55 -15 -26 0 0 0 0 2162 1401 
1 -56 -69 -19 -32 0 0 0 0 2093 1350 
1 -53 -69 -22 -38 0 0 0 0 2055 1367 
1 -16 -53 -8 -45 0 0 0 0 1909 1182 
1 -17 -53 -10 -46 0 0 0 0 1959 1236 
1 -16 -52 -12 -47 0 0 0 0 1941 1168 
1 -14 -48 -12 -46 0 0 0 0 1792 1142 
1 -12 -46 -11 -44 0 0 0 0 1755 1118 
1 -8 -40 -9 -41 0 0 0 0 1745 1112 
1 -5 -36 -6 -37 0 0 0 0 1745 1059 
1 -2 -32 -2 -33 0 0 0 0 1897 1139 
1 0 -28 0 -28 0 0 0 0 1687 1042 
1 0 -25 0 -25 1 0 1 0 1647 989 
1 0 -21 0 -21 1 0 1 0 1839 1075 
1 0 -17 0 -17 1 0 1 0 2205 1027 
1 0 -14 0 -14 1 0 1 0 1762 1072 
1 0 -6 0 -6 1 0 1 0 1478 878 
1 0 -5 0 -5 1 0 1 0 1445 943 
1 0 -5 0 -5 1 0 1 0 1648 859 
1 0 -4 0 -4 1 0 1 0 1476 967 
1 0 -5 0 -4 0 0 0 0 1783 1105 
1 -1 -5 0 -4 0 0 0 0 1530 911 
1 -2 -5 0 -4 0 0 0 0 1433 883 
1 -3 -6 -1 -4 0 0 0 0 1389 927 
1 -4 -7 -1 -4 0 0 0 0 1482 881 
1 -3 -6 -1 -3 0 0 0 0 1332 810 
1 -3 -5 -1 -3 0 0 0 0 1335 818 
1 -2 -3 -1 -3 0 0 0 0 1381 749 
1 0 -1 -1 -2 0 0 0 0 1301 739 
1 1 0 -1 -2 1 1 0 0 1366 708 
1 -15 -133 -13 -131 0 0 0 0 2120 1246 
1 -12 -131 -9 -127 0 0 0 0 2115 1273 
1 -12 -129 -6 -124 0 0 0 0 2076 1272 
1 -12 -128 -5 -122 0 0 0 0 2062 1184 
1 -13 -128 -5 -120 0 0 0 0 2272 1339 
1 -14 -127 -6 -118 0 0 0 0 2078 1267 
1 -15 -125 -6 -116 0 0 0 0 2123 1164 
1 -15 -121 -7 -114 0 0 0 0 1928 1219 
1 -14 -117 -8 -111 0 0 0 0 1887 1088 
1 -13 -113 -9 -109 0 0 0 0 1959 1148 
1 -11 -107 -10 -105 0 0 0 0 1866 1304 
1 -7 -99 -9 -101 0 0 0 0 1844 1050 
1 -3 -90 -8 -95 0 0 0 0 1767 1056 
1 1 -81 -5 -88 1 0 0 0 1738 1091 
1 7 -71 -2 -81 1 0 0 0 1741 1063 
1 14 -55 3 -66 1 0 1 0 1783 1077 
1 17 -42 8 -51 1 0 1 0 1620 981 
1 16 -33 12 -37 1 0 1 0 1592 1006 
1 3 3 3 3 1 1 1 1 1364 901 
